# Created by Octave 4.2.1, Sat Feb 24 11:53:26 2018 GMT <unknown@unknown>
# name: train_mean
# type: matrix
# rows: 1
# columns: 768
 -10.43528520392395 -9.490978563892208 -8.737349210790439 -8.157636174867768 -7.673241466861732 -7.25575670636482 -6.880519380055516 -6.549799932376367 -6.227082295470375 -5.955653742717422 -5.683360586232223 -5.448056241493975 -5.214900056048635 -5.002685021802573 -4.807303549602995 -4.61287394134627 -4.433770793866556 -4.258532148256418 -4.086982372232331 -3.931740963642044 -3.779672479098868 -3.63136374640735 -3.489921711644382 -3.352435274761347 -3.219335001328642 -3.086127912635589 -2.955152394606203 -2.828798153501696 -2.687253407022683 -2.517279599529926 -2.349215256192043 -2.183307630320259 -2.001453878247429 -1.820075215581575 -1.640457034470376 -1.462938589862991 -1.260292206397897 -1.0584777063292 -0.8581359537341412 -0.6563533455897159 -0.4493545502644328 -0.2457827476805828 -0.04710373157596554 0.1316814283974486 0.2879404413409958 0.4271143822885408 0.5413176111242649 0.5795289852123445 0.5200694858832818 0.3216820378666984 -0.3018196481386768 -0.5017836009526717 0.7303745507171122 1.324300840376414 1.744369167884768 2.04743014769334 2.254425334277741 2.41756420566323 2.544122582014741 2.65656187494322 2.780507075473775 2.87337864402647 2.933467220969224 2.957633471025027 -9.510591472805929 -8.566284832774171 -7.812655479672383 -7.23294244374974 -6.74854773574369 -6.331062975246774 -5.955825648937478 -5.625106201258331 -5.302388564352331 -5.03096001159937 -4.758666855114194 -4.52336251037594 -4.290206324930598 -4.07799129068454 -3.88260981848495 -3.68818021022823 -3.50907706274851 -3.333838417138378 -3.162288641114283 -3.007047232523991 -2.854978747980824 -2.706670015289304 -2.565227980526335 -2.427741543643307 -2.294641270210594 -2.161434181517546 -2.030458663488155 -1.904104422383651 -1.762559675904638 -1.59258586841188 -1.424521525074003 -1.25861389920221 -1.076760147129387 -0.8953814844635303 -0.7157633033523323 -0.538244858744946 -0.3355984752798505 -0.1337839752111551 0.06655777738390442 0.2683403855283279 0.4753391808536128 0.6789109834374644 0.8775899995420803 1.056375159515494 1.212634172459042 1.351808113406585 1.466011342242308 1.50422271633039 1.44476321700133 1.246375768984743 0.6228740829793687 0.4229101301653744 1.65506828183516 2.248994571494462 2.669062899002815 2.972123878811381 3.17911906539579 3.342257936781277 3.468816313132791 3.581255606061254 3.705200806591818 3.798072375144518 3.85816095208727 3.88232720214307 -4.690840295191078 -5.31441545816563 -5.907993718524393 -6.472300856200173 -7.011988891730005 -7.526979403859403 -7.074627954440814 -6.686779246185719 -6.348037878643343 -6.044156137802937 -5.766574800280776 -5.51061514264847 -5.272795757656077 -5.049413374096533 -4.841221412952431 -4.64385564412156 -4.457735505726129 -4.280128862957808 -4.111199654041779 -3.949446309116337 -3.793332302730947 -3.642973706795353 -3.497399540135774 -3.354881476218488 -3.212506355738285 -3.068968169924087 -2.924174746845702 -2.776338724710358 -2.624880372087912 -2.46960058762191 -2.310291987903436 -2.144685107942901 -1.972652993359642 -1.793910066356554 -1.60970344714292 -1.422138588907797 -1.231353134470635 -1.037595250657772 -0.8441156941674159 -0.6529145391794516 -0.4653817561063278 -0.2835917872974638 -0.1167163963808901 0.02646093029734399 0.133472736366651 0.1656296381487532 0.160874220410942 0.2494136021231459 0.3738026868303572 0.5200766281136279 0.6796657957458673 0.8454064833897842 1.015585729800982 1.193778222611474 1.387562273061845 1.610582526995882 1.898579240295473 2.210163228141039 2.412179981015547 2.29156185611603 2.132842709941031 1.946635338438629 1.741653097488782 1.521873840904866 -3.825233622813353 -4.050555038870804 -4.266693952795009 -4.474378749452502 -4.673650615805936 -4.865172724751053 -5.049112292511637 -5.225628935737702 -5.395428314229827 -5.558647719777637 -5.715449836092568 -5.866131783822109 -5.559658282474013 -5.288285518537271 -5.043758302026953 -4.818647868262339 -4.609029773967454 -4.411351548948904 -4.222555035379809 -4.040796575678614 -3.865823253825705 -3.694725815702014 -3.527562229562037 -3.362808172596625 -3.20046154956137 -3.038528960133687 -2.876318014875358 -2.713851252312705 -2.550403154018236 -2.385580800390972 -2.219372860072163 -2.051285383154636 -1.88204188102898 -1.712454371865214 -1.542965002667694 -1.374483093230614 -1.210107007510274 -1.054067566560673 -0.9122795953482615 -0.8029377402877333 -0.7083728984153898 -0.5678475521849448 -0.408895244620384 -0.2389454542749238 -0.06375105140140259 0.112551773344134 0.2881415416502499 0.4615262779842765 0.6310077715333121 0.7971198760488843 0.9585817671724761 1.113912585875107 1.261332276872149 1.271640979779403 1.27335288135401 1.267328784776161 1.254543391927323 1.235735970459329 1.211986998096344 1.186584627210842 1.163755056981862 1.149509671992609 1.16224308038704 1.183628889068816 0.2448270146229093 0.2448270146229107 0.244827014622909 0.2448270146229103 0.24482701462291 0.2448270146229099 0.2448270146229103 0.2448270146229103 0.2448270146229096 0.24482701462291 0.2448270146229093 0.244827014622909 0.244827014622909 0.2448270146229097 0.2448270146229103 0.2448270146229096 0.2448270146229102 0.2448270146229093 0.2448270146229099 0.2448270146229103 0.2448270146229096 0.2448270146229102 0.2448270146229095 0.2448270146229099 0.2448270146229103 0.2448270146229098 0.2448270146229103 0.2448270146229103 0.2448270146229093 0.2448270146229096 0.2448270146229096 0.2448270146229091 0.2448270146229098 0.2448270146229096 0.2448270146229101 0.2448270146229097 0.2448270146229093 0.2448270146229096 0.2448270146229101 0.2448270146229098 0.2448270146229096 0.2448270146229095 0.2448270146229095 0.2448270146229093 0.2448270146229099 0.2448270146229097 0.2448270146229097 0.2448270146229096 0.2448270146229099 0.2448270146229095 0.2448270146229097 0.2448270146229095 0.2448270146229091 0.2448270146229095 0.2448270146229094 0.2448270146229098 0.2448270146229102 0.2448270146229098 0.2448270146229093 0.2448270146229099 0.2448270146229095 0.2448270146229093 0.2448270146229097 0.2448270146229098 0.2888500808651382 0.2888500808651385 0.2888500808651386 0.2888500808651375 0.2888500808651382 0.2888500808651384 0.2888500808651379 0.2888500808651383 0.2888500808651386 0.2888500808651394 0.2888500808651379 0.2888500808651381 0.2888500808651383 0.288850080865138 0.2888500808651388 0.2888500808651383 0.2888500808651382 0.2888500808651387 0.288850080865139 0.2888500808651389 0.2888500808651382 0.2888500808651382 0.288850080865138 0.2888500808651383 0.2888500808651384 0.2888500808651385 0.2888500808651389 0.2888500808651392 0.2888500808651383 0.2888500808651383 0.2888500808651382 0.2888500808651383 0.2888500808651386 0.2888500808651388 0.2888500808651388 0.2888500808651384 0.2888500808651385 0.2888500808651386 0.2888500808651387 0.2888500808651387 0.2888500808651386 0.2888500808651389 0.2888500808651383 0.2888500808651385 0.2888500808651386 0.2888500808651384 0.2888500808651388 0.2888500808651389 0.2888500808651385 0.2888500808651386 0.2888500808651386 0.2888500808651386 0.2888500808651377 0.2888500808651385 0.2888500808651382 0.2888500808651387 0.288850080865138 0.2888500808651387 0.2888500808651382 0.2888500808651384 0.2888500808651389 0.288850080865138 0.2888500808651378 0.288850080865139 0.04864521879211954 0.05675275525747295 0.0648602917228259 0.0729678281881794 0.08107536465353235 0.08918290111888599 0.08918290111888581 0.08918290111888569 0.08918290111888583 0.08918290111888569 0.08918290111888584 0.08918290111888587 0.08918290111888594 0.08918290111888577 0.08918290111888552 0.08918290111888577 0.08918290111888563 0.08918290111888577 0.08918290111888569 0.0891829011188856 0.08918290111888585 0.08918290111888592 0.08918290111888577 0.08918290111888556 0.08918290111888548 0.08918290111888567 0.08918290111888572 0.08918290111888585 0.08918290111888566 0.08918290111888555 0.08918290111888572 0.0891829011188856 